name: ml-agents
channels:
  - pytorch
  - defaults
dependencies:
  - _tflow_select=2.1.0=gpu
  - absl-py=0.5.0=py36_0
  - astor=0.7.1=py36_0
  - blas=1.0=mkl
  - bleach=1.5.0=py36_0
  - ca-certificates=2019.5.15=0
  - certifi=2019.6.16=py36_1
  - cffi=1.12.3=py36h7a1dbc1_0
  - cudatoolkit=10.0.130=0
  - cudnn=7.6.0=cuda10.0_0
  - freetype=2.9.1=ha9979f8_1
  - gast=0.2.0=py36_0
  - h5py=2.8.0=py36h3bdd7fb_2
  - hdf5=1.10.2=hac2f561_1
  - html5lib=0.9999999=py36_0
  - icc_rt=2019.0.0=h0cc432a_1
  - icu=58.2=ha66f8fd_1
  - importlib_metadata=0.17=py36_1
  - intel-openmp=2019.0=118
  - ipython_genutils=0.2.0=py36h3c5d0ee_0
  - ipywidgets=7.4.2=py36_0
  - jpeg=9b=hb83a4c4_2
  - jupyter=1.0.0=py36_7
  - jupyter_client=5.2.4=py36_0
  - jupyter_console=6.0.0=py36_0
  - jupyter_core=4.5.0=py_0
  - keras-applications=1.0.8=py_0
  - keras-preprocessing=1.1.0=py_1
  - libpng=1.6.37=h2a8f88b_0
  - libprotobuf=3.8.0=h7bd577a_0
  - libsodium=1.0.16=h9d3ae62_0
  - libtiff=4.0.10=hb898794_2
  - m2w64-gcc-libgfortran=5.3.0=6
  - m2w64-gcc-libs=5.3.0=7
  - m2w64-gcc-libs-core=5.3.0=7
  - m2w64-gmp=6.1.0=2
  - m2w64-libwinpthread-git=5.0.0.4634.697f757=2
  - markdown=3.0.1=py36_0
  - mistune=0.8.4=py36he774522_0
  - mkl=2019.4=245
  - mkl_fft=1.0.12=py36h14836fe_0
  - mkl_random=1.0.2=py36h343c172_0
  - mock=3.0.5=py36_0
  - msys2-conda-epoch=20160418=1
  - ninja=1.9.0=py36h74a9793_0
  - numpy-base=1.16.4=py36hc3f5095_0
  - olefile=0.46=py36_0
  - openssl=1.1.1c=he774522_1
  - packaging=19.0=py36_0
  - pandas=0.24.2=py36ha925a31_0
  - pandoc=2.2.3.2=0
  - pandocfilters=1.4.2=py36_1
  - pip=10.0.1=py36_0
  - prometheus_client=0.7.1=py_0
  - prompt_toolkit=2.0.9=py36_0
  - protobuf=3.8.0=py36h33f27b4_0
  - pycparser=2.19=py36_0
  - pyqt=5.9.2=py36h6538335_2
  - pyrsistent=0.14.11=py36he774522_0
  - python=3.6.6=hea74fb7_0
  - pytorch-cpu=1.1.0=py3.6_cpu_1
  - pytz=2019.1=py_0
  - qt=5.9.7=vc14h73c81de_0
  - scipy=1.2.1=py36h29ff71c_0
  - setuptools=40.4.3=py36_0
  - sip=4.19.8=py36h6538335_0
  - six=1.11.0=py36_1
  - sqlite=3.28.0=he774522_0
  - tensorboard=1.13.1=py36h33f27b4_0
  - tensorflow=1.13.1=gpu_py36h9006a92_0
  - tensorflow-base=1.13.1=gpu_py36h871c8ca_0
  - tensorflow-estimator=1.13.0=py_0
  - termcolor=1.1.0=py36_1
  - testpath=0.4.2=py36_0
  - tk=8.6.8=hfa6e2cd_0
  - torchvision-cpu=0.3.0=py36_cuNone_1
  - vc=14.1=h0510ff6_4
  - vs2015_runtime=14.15.26706=h3a45250_0
  - werkzeug=0.14.1=py36_0
  - wheel=0.32.2=py36_0
  - wincertstore=0.2=py36h7fe50ca_0
  - winpty=0.4.3=4
  - xz=5.2.4=h2fa13f4_4
  - yaml=0.1.7=hc54c509_2
  - zeromq=4.3.1=h33f27b4_3
  - zipp=0.5.1=py_0
  - zlib=1.2.11=h8395fce_2
  - zstd=1.3.7=h508b16e_0
  - pip:
    - atomicwrites==1.2.1
    - attrs==18.2.0
    - backcall==0.1.0
    - colorama==0.4.0
    - cycler==0.10.0
    - decorator==4.3.0
    - defusedxml==0.5.0
    - docopt==0.6.2
    - entrypoints==0.2.3
    - grpcio==1.11.1
    - ipykernel==5.1.0
    - ipython==7.0.1
    - ipython-genutils==0.2.0
    - jedi==0.13.1
    - jinja2==2.10
    - jsonschema==2.6.0
    - jupyter-client==5.2.3
    - jupyter-console==6.0.0
    - jupyter-core==4.4.0
    - kiwisolver==1.0.1
    - markupsafe==1.0
    - matplotlib==3.0.0
    - mlagents==0.5.0
    - more-itertools==4.3.0
    - nbconvert==5.4.0
    - nbformat==4.4.0
    - notebook==5.7.0
    - numpy==1.14.5
    - parso==0.3.1
    - pickleshare==0.7.5
    - pillow==5.3.0
    - pluggy==0.8.0
    - prometheus-client==0.4.2
    - prompt-toolkit==2.0.6
    - py==1.7.0
    - pygments==2.2.0
    - pyparsing==2.2.2
    - pytest==3.9.2
    - python-dateutil==2.7.3
    - pywinpty==0.5.4
    - pyyaml==3.13
    - pyzmq==17.1.2
    - qtconsole==4.4.2
    - send2trash==1.5.0
    - simplegeneric==0.8.1
    - terminado==0.8.1
    - tornado==5.1.1
    - traitlets==4.3.2
    - wcwidth==0.1.7
    - widgetsnbextension==3.4.2
prefix: C:\Users\leyu0002\AppData\Local\Continuum\anaconda3\envs\ml-agents

